FIELD,DESCRIPTION,SF,UNITS,DIM1,DIM2,DIM3,TYPE,TYPE SIZE,FIELD SIZE,OFFSET,
RECORD_HEADER,Generic Record Header,0,,1,1,1,REC_HEAD,20,20,0,
GENERIC QUALITY INDICATORS,,,,,,,,,,20,
DEGRADED_INST_MDR,Quality of MDR has been degraded from nominal due to an instrument degradation,NA,NA,1,1,1,boolean,1,1,20,
DEGRADED_PROC_MDR,Quality of MDR has been degraded from nominal due to a processing degradation,NA,NA,1,1,1,boolean,1,1,21,
SOURCE PACKET SECONDARY HEADER,,,,,,,,,,22,
UTC_SL_TIME_DAY,UTC SL Time (# of days w.r.t. 171/2000 (day 0)),0,NA,1,1,1,u-integer2,2,2,22,
UTC_SL_TIME_MS,Millisecond of the day,0,ms,1,1,1,u-integer4,4,4,24,
UTC_SL_TIME_MICROSEC,Microseconds of the day,0,microsec.,1,1,1,u-integer2,2,2,28,
MHS ANCILLARY DATA,,,,,,,,,,30,
OB_ICU_TIME_INT,Onboard ICU Time Integer part,0,NA,1,1,1,bitst(24),3,3,30,
OB_ICU_TIME_FRAC,Onboard ICU Time Fractional Part,0,NA,1,1,1,byte,1,1,33,
FULL HK DATA,,,,,,,,,,34,
MODE_SUBCOMM_CODE,see MDR-1A,0,NA,1,1,1,bitst(8),1,1,34,
TELECOMM_ACKN_FAULT,see MDR-1A,0,NA,1,1,1,bitst(40),5,5,35,
SWITCH_STATUS,see MDR-1A,0,NA,1,1,1,bitst(24),3,3,40,
THERMISTOR_TM_CHANNELS,Thermistor TM Channels 1 to 24 (see MDR-1A),0,NA,24,1,1,byte,1,24,43,
5V_SEC_CURRENT,(EE and SM +5V) Secondary Current,0,counts,1,1,1,u-byte,1,1,67,
8V_RECEIVER_CURRENT,(+8V) Receiver Current,0,counts,1,1,1,u-byte,1,1,68,
15V_RECEIVER_CURRENT,(+15V) Receiver Current,0,counts,1,1,1,u-byte,1,1,69,
M15V_RECEIVER_CURRENT,(-15V) Receiver Current,0,counts,1,1,1,u-byte,1,1,70,
RDM_MOTOR_CURRENT,RDM Motor Current,0,counts,1,1,1,u-byte,1,1,71,
FDM_MOTOR_CURRENT,FDM Motor Current,0,counts,1,1,1,u-byte,1,1,72,
STATUS WORD,,,,,,,,,,73,
STATUS_WORD,see MDR-1A,0,counts,1,1,1,bitst(8),1,1,73,
SIGNAL PROCESSING STATUS,,,,,,,,,,74,
CHANNEL_H1_DC_OFFSET,Channel H1 DC offset word,0,counts,1,1,1,u-byte,1,1,74,
CHANNEL_H2_DC_OFFSET,Channel H2 DC offset word,0,counts,1,1,1,u-byte,1,1,75,
CHANNEL_H3_DC_OFFSET,Channel H3 DC offset word,0,counts,1,1,1,u-byte,1,1,76,
CHANNEL_H4_DC_OFFSET,Channel H4 DC offset word,0,counts,1,1,1,u-byte,1,1,77,
CHANNEL_H5_DC_OFFSET,Channel H5 DC offset word,0,counts,1,1,1,u-byte,1,1,78,
CHANNEL_VALID,Channel Validity,0,N/A,1,1,1,bitst(8),1,1,79,
GAIN_CODE,Gain Settings of the Receiver    ,0,N/A,3,1,1,bitst(8),1,3,80,
MEASUREMENT DATA,,,,,,,,,,83,
SCENE_RADIANCES,Scene Radiances (Channels H1-H5) - (Fields of View 1 - 90),7,mW/m2/sr/cm-1,5,90,1,integer4,4,1800,83,
FOV_DATA QUALITY,FOV data quality Flags,0,NA,90,1,1,bitst(32),4,360,1883,
POSITION VALIDITY FLAGS,,,,,,,,,,2243,
EARTH_VIEW_POSITION_FLAG,Earth view position validity flags (see MDR-1A),0,N/A,12,1,1,u-byte,1,12,2243,
SPACE_VIEW_POSITION_FLAG,Space view position validity flags (see MDR-1A),0,N/A,1,1,1,u-byte,1,1,2255,
OBCT_VIEW_POSITION_FLAG,Internal calibration target view position validity flag (see MDR-1A),0,N/A,1,1,1,u-byte,1,1,2256,
OBCT TEMPERATURE DATA,,,,,,,,,,2257,
PRT1_TEMPERATURE,bit 0-3  : 0 (unused)                      bit 4-15: On Board Target Temperature 1 (PRT1)  ,0,counts,1,1,1,u-integer2,2,2,2257,
PRT2_TEMPERATURE,bit 0-3  : 0 (unused)                      bit 4-15: On Board Target Temperature 2 (PRT2)  ,0,counts,1,1,1,u-integer2,2,2,2259,
PRT3_TEMPERATURE,bit 0-3  : 0 (unused)                      bit 4-15: On Board Target Temperature 3 (PRT3)  ,0,counts,1,1,1,u-integer2,2,2,2261,
PRT4_TEMPERATURE,bit 0-3  : 0 (unused)                      bit 4-15: On Board Target Temperature 4 (PRT4)  ,0,counts,1,1,1,u-integer2,2,2,2263,
PRT5_TEMPERATURE,bit 0-3  : 0 (unused)                      bit 4-15: On Board Target Temperature 5 (PRT5)  ,0,counts,1,1,1,u-integer2,2,2,2265,
CAL_CHAN_1,bit 0-3: 0 (unused)                      bit 4-15: PRT Calibration 1: 118 Ohms,0,counts,1,1,1,u-integer2,2,2,2267,
CAL_CHAN_2,bit 0-3: 0 (unused)                      bit 4-15: PRT Calibration 2: 95.3 Ohms,0,counts,1,1,1,u-integer2,2,2,2269,
CAL_CHAN_3,bit 0-3: 0 (unused)                      bit 4-15: PRT Calibration 3: 80.6 Ohms,0,counts,1,1,1,u-integer2,2,2,2271,
RESISTANCE PARAMETERS,,,,,,,,,,2273,
RESISTANCE_SLOPE,Slope m of the resistance equation,6,Ohm/counts,1,1,1,u-integer4,4,4,2273,
RESISTANCE_OFFSET,Offset Roff of the resistance equation,2,Ohm ,1,1,1,u-integer4,4,4,2277,
RESISTANCE_PRT_1,Resistance value of PRT 1,2,Ohm ,1,1,1,u-integer4,4,4,2281,
RESISTANCE_PRT_2,Resistance value of PRT 2,2,Ohm ,1,1,1,u-integer4,4,4,2285,
RESISTANCE_PRT_3,Resistance value of PRT 3,2,Ohm ,1,1,1,u-integer4,4,4,2289,
RESISTANCE_PRT_4,Resistance value of PRT 4,2,Ohm ,1,1,1,u-integer4,4,4,2293,
RESISTANCE_PRT_5,Resistance value of PRT 5,2,Ohm ,1,1,1,u-integer4,4,4,2297,
TEMPERATURE_PRT_1,Temperature of PRT 1,3,K ,1,1,1,u-integer4,4,4,2301,
TEMPERATURE_PRT_2,Temperature of PRT 2,3,K ,1,1,1,u-integer4,4,4,2305,
TEMPERATURE_PRT_3,Temperature of PRT 3,3,K ,1,1,1,u-integer4,4,4,2309,
TEMPERATURE_PRT_4,Temperature of PRT 4,3,K ,1,1,1,u-integer4,4,4,2313,
TEMPERATURE_PRT_5,Temperature of PRT 5,3,K ,1,1,1,u-integer4,4,4,2317,
DISCRETE TELEMETRY,,,,,,,,,,2321,
MAIN_BUS,"Main bus select (indicates which main bus is used by MHS); 1 (0V)=A bus (relay closed), 0 (5V)=B bus (relay opened)",0,N/A,1,1,1,u-byte,1,1,2321,
MHS_SURVIVAL_HEATER,"1= on, 0 = off",0,N/A,1,1,1,u-byte,1,1,2322,
RF_CONVERTER_PROTECT_DISABLE,"1 = no, 0 = yes",0,N/A,1,1,1,u-byte,1,1,2323,
MHS_POWER_A,"1= on, 0 = off",0,N/A,1,1,1,u-byte,1,1,2324,
MHS_POWER_B,"1= on, 0 = off",0,N/A,1,1,1,u-byte,1,1,2325,
MAIN_CONVERTER_PROTECT_DISABLE,"1 = no, 0 = yes",0,N/A,1,1,1,u-byte,1,1,2326,
SURVIVAL_TEMPS,"Survival temperatures; Word 1: Receiver temperature, Word 2: Electronics equipment temperature, Word 3: Scan mechanism temperature",0,counts,3,1,1,u-byte,1,3,2327,
TRANSMITTER_TELEM,"Transmitter telemetry (zero filled for Metop); Word 1: STX-1 status, Word 2: STX-2 status, Word 3: STX-3 status, Word 4: STX-4 status, Word 5: STX-1 power, Word 6: STX-2 power, Word 7: STX-3 power, Word 8: SARR-A power, Word 9: SARR-B power",0,counts,9,1,1,u-integer2,2,18,2330,
TELEMETRY_UPDATE,Discrete telemetry update (see MDR-1A),0,N/A,1,1,1,bitst(32),4,4,2348,
ASSOCIATED DATA ,,,,,,,,,,2352,
QUALITY_INDICATOR,Quality Indicator Bit Field,0,N/A,1,1,1,bitst(32),4,4,2352,
SCAN_LINE_QUALITY,Scan Line Quality Flags,0,N/A,1,1,1,bitst(32),4,4,2356,
DATA_CALIBRATION,Noise-Equivalent Delta T and Channel Quality Flags,0,N/A,5,1,1,DATA_CALQUAL,2,10,2360,
CALIBRATION COEFFICIENTS,,,,,,,,,,2370,
PRIMARY_CALIBRATION_SECOND_TERM,Primary Calibration Second Order Term a2 (H1-H5) ,16,mW/m2/sr/cm-1/cnt2,5,1,1,integer4,4,20,2370,
PRIMARY_CALIBRATION_FIRST_TERM,Primary Calibration First Order Term a1(H1-H5) ,10,mW/m2/sr/cm-1/cnt,5,1,1,integer4,4,20,2390,
PRIMARY_CALIBRATION_ZEROTH_TERM,Primary Calibration Zeroth Order Term a0 (H1-H5) ,6,mW/m2/sr/cm-1,5,1,1,integer4,4,20,2410,
SECONDARY_CALIBRATION_SECOND_TERM,Secondary Calibration Second Order Term  a2 (H1-H5) ,16,mW/m2/sr/cm-1/cnt2,5,1,1,integer4,4,20,2430,
SECONDARY_CALIBRATION_FIRST_TERM,Secondary Calibration First Order Term a1 (H1-H5) ,10,mW/m2/sr/cm-1/cnt,5,1,1,integer4,4,20,2450,
SECONDARY_CALIBRATION_ZEROTH_TERM,Secondary Calibration Zeroth Order Term a0 (H1-H5) ,6,mW/m2/sr/cm-1,5,1,1,integer4,4,20,2470,
CALIBRATION PARAMETERS,,,,,,,,,,2490,
AVERAGE_WARM_TARGET_CNT,Average warm target count,0,counts,5,1,1,u-integer2,2,10,2490,
AVERAGE_COLD_TARGET_CNT,Average cold target count,0,counts,5,1,1,u-integer2,2,10,2500,
ZERO_RADIANCE_CNT,Zero Radiance Count,0,counts,5,1,1,u-integer2,2,10,2510,
MEAN_WARM_TARGET_RAD,Mean warm target radiance,7,mW/m2/sr/cm-1,5,1,1,u-integer4,4,20,2520,
MEAN_COLD_TARGET_RAD,Mean cold target radiance,7,mW/m2/sr/cm-1,5,1,1,u-integer4,4,20,2540,
NONLINEARITY_PARAMETER,Non linearity parameter u,8,(mW/m2/sr/cm-1)**-1,5,1,1,u-integer4,4,20,2560,
NAVIGATION DATA AT SCAN LINE,,,,,,,,,,2580,
TIME_ATTITUDE,Time Associated with Attitude Angles,0,s,1,1,1,u-integer4,4,4,2580,
EULER_ANGLE,"Euler Angles: Roll, Pitch, Yaw",3,deg,3,1,1,integer2,2,6,2584,
NAVIGATION_STATUS,Navigation Status Bit Field,0,N/A,1,1,1,bitst(32),4,4,2590,
SPACECRAFT_ALTITUDE,Spacecraft Altitude Above Reference Geoid (MSL) ,1,km,1,1,1,u-integer4,4,4,2594,
ANGULAR_RELATION,"Angular relationships: solar zenith angle, satellite zenith angle, solar azimuth angle, satellite azimuth angle - (points 1 to 90). Note: azimuth angle range is -180 to +180, where minus is west and plus is east.",2,deg,4,90,1,integer2,2,720,2598,
EARTH_LOCATION,"Earth Location: latitude, longitude (point 1 to 90)",4,deg,2,90,1,integer4,4,720,3318,
SURFACE_PROPERTIES,"Surface property (0 = water, 1 = mixed/coast, 2 = land) (point 1 to 90)",0,,90,1,1,enumerated,1,90,4038,
TERRAIN_ELEVATION,Average terrain elevation (point 1 to 90),0,m,90,1,1,integer2,2,180,4128,
LUNAR_ANGLES,"Angles between moon and individual space views (between 0 and 180 degrees, one word for each of the four space views)",2,deg,4,1,1,u-integer2,2,8,4308,
SIZE OF THE RECORD,,,,,,,,,,4316,
